0.96 1.71 0.42 -0.08 1.28 
-0.14 0.58 -0.85 1.38 
-1.42 0.15 -0.65 -0.95 
-0.65 0.11 -1.21 1.52 -1.68 
1.72 0.68 -0.09 -0.52 
-1.49 0.14 0.58 -0.55 0.96 1.44 
-1.28 -0.85 -0.22 
-1.74 -0.24 -0.94 0.82 0.08 
-0.25 -1.38 1.22 -0.64 -1.01 
-1.14 -0.7 -1.44 
0.38 -0.25 0.94 -1.11 -0.59 1.62 
-0.87 1.42 0.92 -1.69 0.03 
-1.49 -0.52 1.23 -0.86 
-0.29 -1.01 1.54 
0.27 1.53 1.09 -0.57 -1.19 
-1.55 0.31 1.47 
-1.31 -0.34 0.52 1.05 
1.39 -0.3 -1.41 0.96 
-0.45 -0.95 0.18 
1.29 -0.1 0.21 -1 -0.53 -1.65 
1.48 -1.69 0.19 
-0.37 1.72 -0.04 1.13 
-1.4 0.59 1.39 -0.04 0.97 
-0.54 1.33 0.28 -1.06 
-0.61 -0.12 -1.06 0.94 0.57 1.58 
0 0.32 -0.9 -0.34 0.99 -1.7 
-1.35 -0.64 -0.01 1.62 0.48 
0.26 0.79 -1.36 -0.18 -1.06 
-1.51 0.86 -1.11 0.25 1.7 
-1.62 -0.23 1.34 0.81 -0.91 -1.23 
1.43 -1.6 -0.49 0.88 0.5 
0.04 -0.74 -0.3 0.96 
0.65 -0.47 1.32 -1.38 0.33 0.97 
-0.22 -0.69 1.31 0.73 
-1.17 0.05 0.42 0.99 -0.49 
-0.99 -0.39 -1.67 1.68 
1.55 -0.45 -1.37 0.1 1.21 
1.4 0.23 -0.4 0.92 -1.47 
-1.43 0.35 -0.76 1.75 
-0.12 -1.05 -0.73 -1.55 
-1.71 0.39 -0.18 0.88 -1.06 
1.66 -0.16 0.32 -1.28 
-1.74 0.89 1.46 
1.26 -0.07 0.26 0.86 
-0.32 0.94 0.41 1.66 -0.71 1.25 
-0.62 0.13 0.66 -0.31 -1.42 
0.86 -1.04 -0.2 -1.62 1.56 
0.43 -1.5 0.76 
0.75 1.31 -1.15 0.05 
1.52 0.61 -1.26 0.23 
0.44 1.6 -0.36 -1.02 0.79 
1.01 0.7 0.19 -0.12 
-0.79 0.25 1.17 -0.17 0.61 
0.08 -0.47 0.59 -1.48 -0.91 
-1.24 1.33 -0.55 -1.66 0.46 -0.25 
1.51 -0.95 0.8 -0.23 
0.07 -0.71 0.95 1.68 
-0.58 -0.11 1.56 
1.38 -1.68 -0.9 1.04 
-1.09 -0.76 -0.12 1.04 1.45 0.57 
-1.49 -0.52 1.24 -0.09 0.88 
1.7 0.08 -1.16 1.29 -0.38 0.72 
-1.32 1.51 0.76 0.12 -0.53 
-1.15 1.7 -0.43 0.97 
-0.53 0.12 -0.94 
0.54 -1.72 0.14 -0.33 1.41 0.86 
0.89 0.26 -1.13 -0.07 -0.83 -1.71 
0.49 -0.53 1.35 -0.07 
-0.32 1.54 -1.68 -1.32 0.48 1.2 
0.99 -0.06 -0.77 
1.3 -0.62 -1.31 0.14 0.55 
-1.75 0.81 -0.57 -0.95 
0.6 -0.13 1 
-1.71 0.32 -1.1 
-1.21 0 -0.87 1.6 
-1.04 1.1 1.43 
1.57 1.18 0 -1.39 0.54 -0.86 
-1.48 0.2 0.91 
0.92 0.59 -0.01 
0.75 -1.11 0.29 1.53 -1.45 1.06 
-0.95 0.19 -1.38 -0.57 
-0.2 -1.43 0.58 -1.04 1.17 
0.61 1.28 -0.78 
-0.33 1.1 0.13 -1.36 1.54 
1.11 -1.69 0.55 -1.25 1.42 -0.01 
0.25 1.5 -1.73 
-0.68 1.5 -1.67 -1.2 
-0.53 0.59 -1.06 
0.28 0.95 -0.26 -0.73 
-1.26 0.92 1.41 1.72 -0.32 
1.06 0.05 0.53 -1.16 -1.71 -0.49 
1.49 -0.43 0.49 0.92 -0.91 
1.17 -1.53 -0.23 0.75 
0.05 -1.55 1.37 0.76 -0.73 -0.26 
-0.85 0.49 1.22 1.73 
1.7 -0.39 -1.39 0.83 0.27 
0.51 -1.1 -1.53 0.87 -0.1 -0.7 
0.99 -0.33 1.75 -1.06 
-0.98 1.41 0.17 -0.39 -1.33 
-1.06 1.74 1.28 
0.35 1.61 -0.28 -1.24 -0.67 
-0.29 -1.01 0.63 
1.22 -0.03 -1.72 0.84 -1.05 -0.64 
1.6 0.1 0.9 -0.54 -1.25 -1.59 
-1.67 1.39 -0.4 -0.77 
-1.1 -0.6 -1.42 
-1.51 -0.6 -0.03 
0.81 -0.34 0.35 -1.18 1.49 
1.21 0.44 -0.9 
1.17 -0.66 -1.51 -0.03 -0.98 0.36 
1.3 -1.28 -0.16 
1.54 -0.22 -1.46 
1.4 -0.59 0.75 0.23 -0.98 
1.72 -1.56 0.97 -1.08 
1.37 -0.69 0.67 1 -1.36 
1.65 -1.57 0.29 0.68 
-0.33 -0.88 0.91 -1.25 
-0.46 1.03 -1.26 0.35 1.36 
-0.92 1.56 1.01 -1.35 
0.84 -0.92 1.55 0.35 -1.46 -0.27 
-0.94 1.42 0.87 -0.49 
0.29 -1.15 -0.73 0.73 
1.32 0.54 -1.51 0.89 0.19 
0.57 1.75 1.4 
0.46 1.29 -0.13 -1.65 -1.04 0.82 
0.13 0.66 -0.95 
1.4 1.09 0.42 -0.2 
-1.24 1.32 1.01 -0.73 
-1.03 0.07 1.54 -0.71 
0.42 -1.13 -1.71 1.1 -0.72 
0.47 -0.93 1.57 
-1.13 -1.74 0.18 1.69 
0.94 1.37 0.39 
-1.6 -0.96 -0.5 -0.17 
1.68 0.48 1.24 0.04 
-0.75 -1.07 0.5 -0.4 0.97 1.52 
-0.63 -0.26 1.6 0.38 
-0.03 0.86 -0.63 -0.96 -1.45 1.2 
-1.45 0.3 0.96 -0.67 -0.14 1.32 
1.47 -0.15 -1.4 -0.74 0.29 
0.66 1.64 1.01 -0.19 -1.15 
-0.7 1.56 -1.22 -1.75 
-1.55 0.67 0.27 1.69 -0.88 0.97 
0.78 -1.24 1.32 -1.65 
-1.5 -0.28 1.55 -0.65 
0.68 -0.7 1.53 0.07 -1.54 1.15 
0.04 0.62 -1.46 -1.04 1.49 
1.62 0.58 -1.66 1.28 
-0.01 0.33 -0.33 0.74 1.47 
0.86 -0.7 -1.26 
-0.71 1.52 0.95 
-1.61 -0.13 -1.59 
-1.23 0.12 
-1.47 1.6 -0.03 -1.53 
0.55 1.3 0.18 
-1.33 
0.75 0.11 -0.39 
-0.05 0.15 0.74 -0.71 1.38 
0.99 1.55 -0.18 
1.1 1.51 
-0.02 -1.12 
-1.05 1.58 0.25 
1.36 
-1.54 -1.05 -0.71 
-1.65 
-1.55 0.31 1.06 1.46 
-1.74 1.2 0.47 -0.83 
-0.63 0.88 0.43 1.75 
0.39 
-0.45 1.05 
0.65 -1.69 1.58 -0.77 
0.46 -0.95 1.46 0 
-1.54 -0.15 -0.62 1.51 
0.33 
1.66 -0.91 0.86 -0.3 
0.92 0.34 -0.28 
-0.71 -1.55 0.3 -0.06 
-0.99 1.28 -1.53 -0.24 
-0.59 
1.64 -1.21 0.97 
1.51 
1.24 0.71 
-0.41 -1.36 0.67 1.48 
0.03 
0.09 
1.53 
0.75 0.24 -0.78 -0.25 
-1.28 -1.67 0.22 
-0.84 
-0.85 
-0.07 -1.37 0.99 
-0.74 -1.19 
-0.89 0.48 -1.41 -0.56 
1.17 
-1.47 0.67 -0.77 1.51 
1.04 
0.65 -1.12 0.16 1.59 
1.68 
-1.03 1.13 1.65 
-1.6 1.07 0.55 
0.3 
-1.56 0.34 1.31 
0.43 
0.59 -0.02 -0.79 
-1.64 -1.2 -0.02 0.96 
-1.35 -0.23 0.12 0.9 
1.68 -1.57 0.71 0 
0.3 -0.08 
-1.19 
-1.25 -1.59 0.91 
1.14 0.71 -1.47 -0.32 
-0.44 1.59 0.7 0.17 
-1.53 0.7 
0.63 -0.77 -1.23 
-1.48 0.97 
-0.04 1.73 -1.07 0.8 
-1.21 -0.06 0.41 -1.73 
0.92 0.43 -0.61 -1.34 
0.09 
0.13 -0.23 -1.2 1.11 
0.85 1.45 -1.58 0.32 
0.73 
0.19 1.23 1.71 
0.39 -1.57 
-1.56 1.16 -0.02 
-0.35 0.1 -1.01 -1.59 
1.32 0.19 -0.77 
-0.78 1.26 0.78 
1.55 1.16 
0.32 
0.75 -0.85 
0.07 -1.03 1.62 
1.03 -0.79 -1.54 
-1.05 -1.66 
-0.64 0.58 0.25 1.53 
-0.83 -0.46 
-1.74 -1.27 
0.16 -1.45 
-1.24 -0.93 0.14 1.13 
-0.05 1.12 1.45 
-1.32 -0.42 0.33 -0.88 
-1.56 -0.6 -1.16 
-0.54 -0.94 
-0.14 
-0.26 0.42 -1.73 -0.72 
-0.62 
0.25 1.62 1 
-1.2 0.47 
1.66 1.33 -0.32 -1.01 
0.01 
-1.01 -0.09 1.04 
0.9 -0.5 
0.19 0.73 -0.21 
-1.41 
1.02 -0.49 
-0.19 -0.49 
-0.28 
-0.43 -1.13 1.33 0.3 
1.64 -1.65 -0.12 
1.31 -1.58 -0.44 -0.05 
1.54 -0.77 0.17 -0.32 
-0.41 
-0.15 -1.56 1.55 -0.54 
-1.63 1.72 
0 1.71 -0.43 
0.44 -0.23 
0.5 -1.64 0.12 -0.22 
0.49 
-1.43 -0.27 1.74 -0.91 
0.4 
-0.27 -1.52 0.75 
0.5 -1.63 -1.23 
-1.42 -0.91 1.04 -0.38 1.59 
0.55 -0.78 0.25 1 
0.29 1.06 -1.26 
0.69 -1.08 -1.39 
-0.76 0.26 -1.16 
-0.71 0.75 -1.53 -1.17 -0.3 
0.19 -0.15 
-0.85 1.73 1.36 -1.16 0.13 
1.12 -1.23 -0.69 -1.63 -0.38 
-0.42 1.21 -1.39 
0.49 1.58 -1.14 0.96 -0.74 
-1.61 0.36 -1.09 1.55 -0.46 
0.06 1.46 0.88 -1.42 -0.46 
-0.41 -1.59 
-1.31 0.89 
1.39 -1.28 -0.57 -0.15 
-1.48 0.27 
0.57 1.42 
-1.09 1.4 0.53 -1.4 -0.57 
-0.61 -1.28 
-0.18 0.61 -1.1 1.12 -0.49 
-0.25 0.24 
1.11 0.3 -0.92 
1.49 -1.29 -1.65 -0.3 
1.53 1.19 
0.37 1.33 
-1.53 -1.06 1.68 
-1.27 0.45 -0.35 1.47 0.96 
-0.92 1.21 -1.63 -0.6 0.25 
1.72 -0.72 -0.16 -1.48 
-0.48 1.73 
-0.27 -1.53 1.08 1.41 
1.1 1.67 -0.33 -1.66 
-0.24 -1.13 1.08 -1.55 
0.17 -1.44 1.1 -0.61 0.61 
-1.68 1.71 -1.37 0.55 
-1 0.17 -1.58 -0.53 1.7 
0.05 0.56 -0.94 -1.63 1.46 
0.73 1.29 -1.69 0.21 -1.28 
-0.12 0.88 
-1.45 0.71 -0.91 
1.53 1.05 0.72 -1.74 
-1.01 0.47 -1.56 1.35 
0.38 0.88 1.72 -0.74 
1.24 1.58 
-0.4 1.04 0.04 -0.79 -1.23 
1.43 -1.51 -0.15 0.7 
0.61 -1.06 1.44 
-1.72 0.23 0.82 -0.43 
0.38 1.06 0.04 
-1.41 0.1 0.48 
0.57 0.2 
-1.41 1.16 -0.96 0.51 0.15 
-0.11 -1.74 -1.26 
-1.02 -0.39 1.36 0.26 -1.59 
0.32 1.21 -1.39 -1.04 
1.28 1.61 -1.59 -1 
-1.74 1.68 -1.16 0.75 -0.44 
0.58 1.74 
-0.38 1.01 -1.1 1.7 1.4 
-0.41 0.15 0.46 0.97 
-0.51 1.08 0.3 
-0.45 1.7 -1.01 -1.7 0.83 
1.03 -1.41 
0.3 -0.81 
0.91 -1.71 0.5 -0.49 
0.27 1.12 -0.77 
0.62 1 -0.45 1.36 -0.95 
-0.05 0.42 1.36 
-0.66 -1.04 1.56 0.65 
0.04 0.38 -0.63 -1.41 
1.68 0.72 0.41 
1.37 0.67 
0.86 1.45 
0.8 -1 0.02 -1.55 
0.05 -0.61 
-1.56 1.73 -0.66 
0.71 -1.71 -0.82 1.07 -1.38 
-0.23 -1.08 -1.45 
-1.16 0.6 
-0.38 1.49 
-0.43 -1.7 1.68 -0.89 0.32 
-1.65 1.36 0.17 -0.85 
1.75 1.3 
-0.5 -0.86 
0.54 -0.82 0.08 -1.5 1.61 
0.41 1.08 
-0.66 1.41 0.5 0.01 
-1.58 0.82 -0.84 1.15 
-0.61 0.61 -1.55 
-0.08 -1.63 0.96 1.44 -0.49 
-0.59 0.67 0.34 -1.56 
0.23 -1.49 
0.81 -1.42 
-0.24 0.73 
-0.71 -0.17 1.16 1.61 0.84 
0.52 -0.07 -0.38 0.84 -1.71 
1.19 -0.7 -0.29 1.69 0.54 
0.22 -1.15 
-1.53 0.3 -0.09 1.24 
-0.7 1.69 
-0.19 0.15 
1.15 0.44 -0.84 -0.26 
-1.2 -0.29 0.09 -0.63 1.52 
-0.08 1.34 -0.56 -0.99 
1.04 0.37 1.46 
1.06 1.4 -1 -0.21 
0.68 -1.47 
-0.88 -0.21 1.15 -1.38 
0.85 1.3 
1.75 1.39 -1.44 -0.21 
-0.62 1.5 -1.06 0.52 
0.99 -0.54 1.48 
1.67 -1.26 
-0.24 0.25 1.68 0.74 
0.73 1.04 -0.88 -0.09 -1.7 
-1.73 -0.59 1.31 
-1.49 -0.27 -0.98 1.11 1.48 
1.24 -1.15 
-0.01 1.72 
1.39 -0.58 -0.04 0.63 
0.95 1.42 
-0.27 -0.85 
-0.63 -1.45 1.67 -0.17 1.16 
-0.96 -1.69 0.25 -0.5 
-1.1 0.63 
-1.31 -0.25 1.75 
-0.11 -0.42 0.63 
-1.52 0.03 1.05 1.66 
1.18 0.79 
-0.43 1.42 0.98 -1.51 
0.74 -1.51 -0.45 
0.44 1.32 0.9 
0.45 1.5 -0.33 -0.86 0.98 
0.66 -0.94 1 -1.31 0.03 
-1.06 -0.62 
